009771
003632
007060
000422
009879
007214
007848
009354
006687
005618
004180
005547
004964
009112
004776
002152
007051
000271
004548
007813
003724
007023
002404
005847
004005
007369
000309
008082
000508
003073
002277
008586
007812
003177
005733
009193
002674
006927
007435
009954
004670
001676
000032
004584
000478
003045
005465
004539
000900
004945
002381
004551
001743
004093
003091
001327
002596
001729
002190
007861
007593
009453
004688
009349
004130
008045
006667
001584
004515
002374
003646
006075
008200
000370
007361
009688
007761
006259
001417
008937
004303
002632
005240
009652
004020
001662
003805
008561
005312
004453
001195
002386
007938
008860
007977
006489
008749
001149
008447
008363
002035
001447
009722
003945
004323
004154
007279
006774
007611
003593
001760
009959
002765
000334
008839
004350
000576
004167
007147
001112
008281
002917
004146
002088
009434
002236
003813
006315
004523
003211
005260
001774
000233
008064
000168
005986
009947
000273
007989
006399
001125
006351
008190
008258
003861
009733
007273
008889
001565
002726
008335
006215
002359
008345
005233
006814
007347
005566
005093
006517
000955
001862
000516
007614
006346
000483
003531
003872
001750
004033
004543
001215
003395
007318
002043
003592
006026
007636
001716
003418
004439
005719
006734
003186
005326
002217
001682
002592
009579
001061
004802
007386
007203
006684
002343
001823
006666
006232
007224
007806
007083
004224
001143
001761
000548
006850
002264
000574
009524
001450
009941
004325
004072
008921
001281
004587
007743
002094
006618
000084
007282
000165
004938
006539
000984
007341
008579
007729
000294
007820
001507
003107
009948
008322
000348
009395
004712
009400
002082
007152
004695
006151
009825
002698
000982
001494
001837
001593
008046
003581
000691
001810
006583
001280
006132
000318
005889
005429
002251
001013
003512
009079
000740
006348
008950
007801
004652
009277
009768
003637
004525
003117
008895
004345
002640
003176
000653
001475
000570
004051
000389
003814
001818
008248
006815
000502
005098
002920
002085
002295
005413
006031
005923
005640
000951
005873
008092
009036
006308
007723
007894
001422
002310
002249
000442
000610
009055
009809
008994
007758
008473
006839
000756
009106
005946
001878
001207
008282
003331
002628
001784
005460
001658
006121
004798
007100
009745
004641
006094
003367
000317
004787
003743
006028
002147
005704
008040
008496
004782
002091
006936
002224
004849
008026
001476
006102
006876
000065
008018
005300
003412
005310
003925
008057
007067
009413
003468
008793
003615
000618
007265
007097
000497
005160
001908
006275
000292
004819
000152
000815
008559
001011
006713
002154
004701
000213
008354
004647
001009
006983
001461
000926
001627
006066
008151
002667
004054
002378
009355
001652
004454
004258
007172
008336
007119
007727
007764
000549
009345
008556
002375
001072
006540
000872
002237
004867
001511
001484
009863
006222
005764
001766
006205
003023
008101
008930
003565
004642
005034
009056
003067
004573
009774
004281
004126
005168
006006
006710
002894
008209
002119
006898
004229
003723
004920
006229
008466
002388
003183
005549
003775
000021
003989
000409
003262
000223
005266
005109
000246
005760
008489
003249
005106
002300
005723
000080
001655
004632
002847
006218
002806
005262
001152
002562
000344
006257
000155
008285
005498
006078
000124
006564
002994
006190
007632
007054
008838
003300
009412
003589
000509
003542
009713
007917
000296
001585
004679
002074
003225
003756
008634
005661
001307
000972
003095
001929
001229
000569
000313
005509
005014
003769
002285
005159
001887
000212
007382
002257
001811
004402
001164
003339
000048
000530
002046
003544
002422
004057
005620
003070
009262
006476
004942
008052
008530
001004
007924
004424
002872
000769
000725
000916
001812
006943
000049
005079
007583
009781
001090
004332
000759
006409
005378
004513
009351
008264
001884
003404
000238
006178
005196
008173
007030
009718
003237
003576
007603
006979
006673
009762
006955
004916
007592
007564
009523
008849
002547
002142
004312
008591
006536
007896
002738
008225
007427
006054
003864
002662
002015
006778
001577
001008
006301
001289
009097
000786
009649
003301
005087
003851
004734
002361
001234
000869
003577
008193
006110
001318
006709
005297
007250
004816
002339
001419
003821
002652
001035
000979
009034
009279
008339
009321
003877
004299
009842
000189
008037
005734
008436
006087
001747
000886
004613
008351
005605
009602
006977
005689
004707
007401
003141
009572
004574
003224
008432
008112
007315
008246
008476
009152
002912
004735
003751
009576
007232
008766
003049
006789
008098
006124
006122
004000
007912
009528
004113
008401
008765
006929
004628
003639
000963
002298
007013
008093
002110
009986
007190
003090
007986
008120
007681
005032
005505
003725
009682
000278
005261
006393
008227
006152
003109
009951
007676
007927
004342
004913
003032
006444
001638
004327
007019
000961
009335
001279
008268
007300
009504
004329
001407
009543
003799
008958
004267
006882
006313
003313
003529
000304
001670
001712
008313
008526
003624
005998
008235
008637
002697
008049
008997
001233
002380
009140
007846
009212
007865
008042
009289
003206
003369
009021
006284
002998
001099
006662
004943
000178
001664
007478
004752
009805
003561
009520
009680
000495
002245
000298
005199
008784
002839
004783
009839
003510
007268
006125
006001
007910
002443
006008
005739
005132
004655
002875
008424
004218
006446
006663
003897
009553
008007
002749
009269
000267
001242
003809
003625
002682
007830
000474
008481
006064
003071
005947
002802
000349
007319
007420
001478
004060
006585
005161
006791
008800
006256
005130
003701
009527
009067
009982
004464
007788
009179
004381
001800
005478
003929
003515
004341
002517
008260
003658
004557
008491
007059
008778
006537
000615
005175
008044
005828
003044
006128
001564
006051
007925
003746
008105
002097
000535
007418
005589
005493
003649
008114
003349
000668
005975
005871
008807
007457
001329
006150
000763
001830
000813
007022
008663
002368
008429
000590
003952
008331
003167
003296
005035
000174
003941
006252
006136
001361
007078
006061
009040
003299
009013
005560
007021
008399
001332
008861
005068
008658
002723
005421
009551
002556
006501
005403
003806
009415
008979
006072
006838
004733
006260
007441
005819
000250
005343
004405
001519
001534
009039
001092
000672
004879
009905
005594
001369
005110
008688
009625
000234
003744
001028
008873
007257
007041
002450
001900
009163
001121
005718
004511
001048
002650
004505
004907
002845
003139
001568
008783
002079
000044
007136
002395
009242
006360
009864
003727
001940
009695
001561
001611
008470
002168
005737
002196
007514
008792
001705
007578
003871
006213
009191
004711
008516
008471
002330
009604
008555
003716
002927
009454
006020
009514
003618
005897
002869
002873
007760
009605
000853
003954
002104
006025
005228
007173
005232
002129
004382
005336
009489
007900
004097
002678
004228
004459
009206
006701
009331
005042
004809
007040
001660
008653
001216
007483
001610
009902
008444
005471
006202
005657
005701
002787
006652
004781
006922
007255
000414
002600
009080
009549
001861
006481
006913
001956
002775
001580
009725
005151
004155
005645
006688
006953
001171
005495
007045
005374
008942
008247
009934
008286
003018
001615
009530
005695
001555
001960
001446
003329
008182
008472
003887
006705
008494
008954
001029
006603
006987
005506
004473
006237
004134
001669
000417
004123
000345
000908
007012
009215
004689
005862
008986
005595
008723
004890
002550
000733
007957
000580
003239
003881
000290
009015
005407
006751
002745
006703
001339
008096
008392
003345
005924
002458
000695
001087
004755
003233
009838
008053
002833
003287
004880
008089
000990
005628
008524
004077
000083
004494
001003
009424
000360
001968
008732
001302
008326
001022
004843
008972
001624
002578
008250
001590
001559
004730
003194
007409
008003
008128
003662
001094
002609
007747
009219
003768
006230
002063
000145
003703
009427
007893
000162
000563
000395
003008
002503
001322
001496
009807
007668
002816
003317
000411
007377
006173
003697
003416
002981
004153
002306
003461
003275
009612
007971
006227
008267
007302
003524
005009
009502
002488
000260
009928
009812
001414
002907
006130
001439
005188
009912
003342
006416
005018
004864
000708
004705
000105
006808
008289
003179
002500
008097
009486
004375
001932
009696
001040
008682
002124
009661
009715
007608
006480
008359
000436
004271
007685
008583
004207
008973
002741
007630
008277
003173
002373
006226
005015
001518
000600
002038
009059
000677
007854
004226
002073
006248
007690
003368
007644
008015
004966
006773
001383
009636
009965
000038
004812
009901
004885
005783
007139
009166
008893
000752
008179
005406
000711
005389
009532
001241
004436
007027
006758
009539
003636
003987
004172
005472
001251
004991
003938
003978
007774
009091
005057
004236
006495
009639
000623
004506
007118
003844
000722
009501
006644
009070
007007
002434
004807
009975
004318
006984
002558
004157
004835
005438
006322
009483
006099
006985
000506
004767
007533
003789
002159
003242
005046
008211
006038
009940
004334
004626
009030
004638
005301
000443
001379
000942
008078
007502
003385
002155
008178
006437
009756
003490
000381
006279
001160
005172
005573
008844
007709
003285
009955
008975
003922
001693
004581
009881
005468
008648
001963
000976
009008
001567
006559
002424
002455
003438
002668
003138
005276
008955
001533
001224
009743
002588
009582
000127
005766
008536
008262
004168
005264
008149
001623
001762
001058
009494
006818
002548
002044
002618
006975
006123
000036
007116
009519
007305
004791
008415
000394
004877
006529
009280
008828
004549
008324
009347
002521
003772
003308
006581
007968
008665
002679
000405
009276
009573
006266
005673
000935
004089
003283
005163
006950
000994
000112
007837
006551
004762
008132
005633
008180
001108
001556
003930
003065
008055
003108
008891
007785
005447
004932
003757
003322
004673
002964
002445
006353
002000
003162
006418
004265
001382
000371
006161
005368
009931
006174
001563
005983
000429
004058
007922
005539
002352
005857
001922
004018
004540
003837
003398
009491
009750
000698
008174
004963
008845
009828
003019
007208
009060
002084
007686
001768
005067
003327
004398
009690
002635
009925
002766
009381
005840
002595
005910
000723
003093
000841
005128
000964
008832
005512
005869
003691
003674
001521
007134
003417
009370
005367
003251
008348
009815
003601
004716
008216
005987
002003
003405
008741
000507
008642
005274
008939
007995
003961
004865
005651
007518
009962
003495
004343
003325
006244
007824
006556
001644
007228
000232
002505
006412
000768
001236
006604
000324
004053
003770
007429
009385
001905
008088
004026
000469
009479
000157
004969
008123
001558
002876
003545
000871
006680
009150
001910
009885
008237
007047
007393
009043
008208
001969
000525
002208
005841
008770
008603
007187
001911
004368
005602
005351
003766
007098
000378
005969
008306
004269
008008
006896
002850
005627
000579
008094
004013
001299
000991
003453
009606
007381
004556
009643
002887
007210
002274
004460
005342
002004
003549
001483
008434
007639
006156
004470
008996
002160
004545
000424
000595
001983
001359
004766
003927
009293
004838
002344
002072
002710
005474
005939
002896
001177
004553
008944
007507
001041
003290
001249
002539
007176
006114
003051
001165
004306
008798
005825
003429
005899
000110
009326
000788
008425
006235
007928
004310
003734
005564
009126
002342
009012
003803
006165
009640
007388
009110
006916
008965
007623
001918
008612
000102
001408
005369
003627
000401
000003
006605
005500
000369
006930
002677
009202
006729
009019
007960
002194
004575
008437
002161
000996
006221
006090
002810
008580
007306
005610
006032
006598
009540
006783
007494
007992
000649
004568
002304
002163
006771
000515
007462
007530
008500
005027
003850
006749
000932
008357
005817
001288
003921
009897
001809
004931
002673
007298
007652
007704
006769
003587
006594
003294
003782
001934
001571
003425
008450
006082
008287
002012
004630
000960
006674
004957
004215
004462
000211
005811
004362
003682
009029
000687
007753
008307
000037
009004
009511
006613
004321
003918
002278
008036
008546
003209
000605
006107
005943
009590
004659
005516
000609
000230
003128
003888
008904
002854
002735
008683
008850
001460
000968
004348
003602
008122
001199
008100
001961
003988
009272
008162
004582
001415
000077
006321
002367
008693
002690
002958
009177
000327
006310
003557
008409
000803
007295
007678
000323
008938
005666
000342
000678
003265
005456
009211
004542
001832
006768
004522
004245
004023
001109
000047
009811
006726
008971
002284
000140
003990
004359
004709
000505
007786
001917
000236
003003
009909
001163
009892
002947
006419
008662
002495
006512
009900
002881
001430
007839
001779
001328
005866
005119
009950
005667
000262
003695
009236
008696
005086
002243
007670
006573
000169
003043
001888
002607
001733
002345
003980
006477
007411
002484
006201
007438
006265
000054
005224
002801
004958
006682
007576
000367
000674
005404
008321
001979
006139
009759
006576
007005
008239
000586
005775
000754
009644
000016
006286
004121
004650
000545
001550
002932
008951
002620
000938
009794
007392
007529
008964
001724
002581
004253
003873
007737
005487
006525
007944
009710
001597
006917
002862
008165
002141
007004
004391
008815
004287
003956
001805
009319
006527
001924
005107
007405
008236
006424
005617
003876
004693
004419
003102
006370
009075
001454
009869
008212
003386
000176
006138
003663
006538
004681
009968
002519
000380
008892
008598
008719
003506
004048
006694
004857
003818
009165
008077
000218
002853
003939
000467
004825
003532
004708
006837
009757
003465
005044
004577
003497
005470
008757
001923
007841
006724
000490
000020
000097
007800
003569
008803
003503
000583
001634
006532
002279
008448
007771
007981
001846
003228
008352
009647
005183
000812
008005
002486
008806
006627
009505
008242
008876
009903
008031
007299
002096
010000
005654
006488
002908
006076
002546
009250
000757
008720
002837
000685
006337
008829
008920
005572
008946
000226
008868
007746
008397
003221
001435
006823
008477
003058
000121
005750
003999
001930
003949
000431
008312
000784
001708
001489
001246
007058
004896
006796
003797
006277
003055
001540
008789
002389
007757
008238
007621
007151
001243
007567
008587
004946
004049
009578
001749
004387
004335
007857
008824
005325
006496
003366
002676
000892
007766
001825
006116
007217
007847
000286
002283
000829
009474
007378
004208
001557
007403
001347
009555
009018
000587
003854
004116
001038
009469
004703
002572
009035
000249
001643
000831
001786
008763
004164
002184
007488
000709
003940
002736
007243
008185
005357
006077
005703
002832
001255
007537
004414
004186
007003
005428
007541
005968
009880
001463
008394
003096
008390
003720
007713
000993
008956
003571
003795
001606
001713
009701
006819
008584
001820
002350
008674
001789
001105
007195
002638
007194
001057
007553
007035
002244
004421
002895
007188
005501
007370
003896
007915
000684
008384
007657
004079
007103
003883
009591
002311
003846
000033
006438
006600
008091
009542
009292
009161
009613
005552
006285
004965
000602
009645
008916
005503
005567
000274
006381
002255
004794
009584
004426
008661
004140
000529
000873
001390
006386
005592
003914
007503
001260
007345
004813
008654
005912
006505
000876
008533
006893
003175
006593
009993
001210
009271
002975
007153
004640
004486
008495
006772
007508
008407
007953
004954
007522
006180
008823
005979
004874
006946
007492
005006
008812
007431
001608
007890
005338
006373
004904
000527
003021
006933
002066
002273
002466
007855
005674
005989
002366
003111
004319
000001
004512
003238
009451
002115
008805
005991
008782
002234
003728
008985
000777
006787
008752
000703
001166
004179
003630
000441
000696
000148
002648
004232
003610
002877
004212
009095
006671
008646
003464
006906
007964
009857
007338
004333
004872
007183
001378
000890
007165
001015
008171
005446
007932
002868
005193
008846
008754
000989
000207
000598
007216
006246
001700
000941
007765
000592
006628
001127
008874
008013
000920
004451
009157
001707
001874
006658
007331
003628
004764
008611
008899
007520
001824
003869
002713
008317
008890
004778
002762
009916
004765
001290
003568
001736
008438
002397
005198
009320
003842
007782
001344
009058
004881
005601
005074
004127
007606
000568
003042
003370
008931
001321
002382
005316
005528
002385
000215
002797
008453
000161
006249
007845
009175
009239
001695
001353
005256
000966
004177
001955
008627
005021
005746
007108
009142
007270
002293
002934
005850
004869
006622
005248
002183
005510
006052
000493
000386
001767
005430
003353
005424
004165
003226
001240
007768
009390
004006
002315
002561
005245
004428
001432
009407
002916
007739
000765
009648
002692
004668
001970
002156
000761
005559
005859
005483
008411
004410
002589
000617
006566
000353
008311
008148
004128
004302
002493
003106
007154
006952
003180
002238
001833
004282
007363
008184
001617
002456
002626
009988
004363
008528
002108
006267
000962
007163
002054
008578
003158
009170
008451
000521
003357
003731
005537
000604
005880
000060
004485
007049
006000
006211
009360
009389
006426
008982
002791
009594
002960
008520
000475
002666
001157
005288
007978
004238
003271
001851
004103
003292
008371
004842
003868
005005
005834
006805
002905
008831
001605
001226
000092
007662
004122
004847
007205
003683
008714
003860
008913
009135
000714
002447
004015
006355
003263
005696
000206
009563
007262
009616
002972
009248
008062
004917
007697
008426
004042
005634
004858
008395
000893
008772
006503
002978
003150
002098
008294
004338
003460
009077
004099
001406
000790
009977
003258
001254
007742
005963
005574
000635
003123
007604
004481
006149
007909
002691
004195
005390
009099
008624
006405
009667
008585
005101
003078
007649
002708
000523
005402
007842
002296
005150
004270
002399
007780
003729
004104
001104
001587
009929
002714
009348
006199
005883
000795
006292
009353
001363
006514
003970
003231
004056
000905
003364
000014
002938
008842
009020
000739
004178
001995
002178
000465
001880
009216
007936
004741
007106
004399
009330
008400
001219
009843
005381
005508
002913
000466
006800
009891
001531
009333
000947
000648
003298
000528
005147
003403
002423
000584
004683
009534
009291
004480
005475
007939
007246
009856
006665
001024
005135
003968
004376
007455
005126
002211
003491
009567
003788
004889
006944
002253
008468
001268
005753
004563
005848
003268
003885
008670
000390
004445
006502
004047
002270
005938
008081
003481
000091
009176
005210
004690
002996
003005
004775
004736
001402
006318
002220
009154
001680
004596
006902
003920
004390
003520
006921
008659
006447
006640
007446
004219
006957
009593
004145
008379
001198
008512
001362
004158
008700
001046
003909
008302
004680
001499
008631
001081
009761
007988
007072
005142
008576
002822
009739
003533
001345
004028
000919
004615
009556
005598
007815
004504
004839
008768
003781
007682
006311
000050
005844
000622
005090
006864
002228
005614
003463
000120
004361
009133
006788
003291
000700
007123
004360
005999
002910
000107
008069
005578
004547
001997
008708
006620
007998
001899
002492
007050
001367
001282
002576
000142
006804
002879
004622
006962
003057
009379
009229
006954
000225
000352
003127
000193
007191
003100
005425
000063
004085
004560
005241
003791
007538
001190
009266
007328
005927
001828
000844
006276
008673
006339
004082
000923
003474
005069
006133
008574
007500
003134
004133
000300
008196
007643
008993
006880
005200
009430
001316
004535
006306
003578
007014
001694
005843
004788
007167
002532
000928
005981
008201
009113
003792
002174
001510
004283
000538
006068
007755
006702
009235
003509
003492
002968
007042
005717
009378
008961
003006
005001
002554
002036
007791
001855
003326
007931
003361
005882
002935
005258
003261
000343
008060
006281
009936
003454
000608
000439
000198
007371
007963
003926
006553
004340
007048
009182
009006
005551
007491
005062
006400
006024
005030
007367
000510
005143
004976
002056
000384
002409
003838
005335
007241
009541
008722
003421
005287
001120
005603
003390
000435
003210
003248
005097
006621
003760
007150
004583
000073
004925
005482
000998
004998
005170
001503
001602
003745
006091
006323
002979
003817
004934
007332
006141
009318
002064
009967
003516
000801
004985
003466
004449
006428
000472
000132
005824
000072
002516
007346
008440
008761
001448
004435
002755
006633
004750
003350
009997
002890
003874
005706
001843
008527
008441
003611
007043
007475
009545
003786
003804
009350
001755
005649
009410
005966
000079
002496
000746
003092
000248
009984
009104
004120
002542
005538
009727
005922
004607
001349
006206
003995
003250
008183
001140
007734
007362
008692
002313
008271
001203
002694
001267
000599
003981
002379
004021
009302
000738
006396
005077
003648
004728
002302
009007
003088
006746
005629
000450
008623
006004
002983
005582
003437
003024
005555
009082
000488
006101
009000
008532
006552
007929
000775
004394
000498
009814
007770
003717
000868
009025
007638
003388
008129
006233
009855
008041
004654
003955
006708
000654
000781
008325
001756
006742
009802
004304
006809
001706
001873
000837
001829
005348
009180
007700
006268
003889
003501
004213
007104
008926
000918
001957
003964
004821
009989
006664
008855
009918
000171
007731
002515
007749
003783
005366
009586
002752
008048
007873
001964
007949
001398
007733
001244
001916
007803
002918
008544
003480
004354
005896
002370
006217
006690
006408
001684
000462
008056
001433
009629
005137
009223
009197
004256
000156
007868
005944
004040
002811
008735
009238
007256
000289
009406
009466
000624
002090
002608
003169
008736
002023
009048
003414
008589
003219
007560
002180
000619
001882
007337
001395
005491
008647
006719
009342
005820
002216
009655
004949
006494
004944
007551
006440
008980
004246
003666
009255
005040
009455
005155
002179
003773
006743
003969
000432
008633
005641
008085
004779
006467
006865
001689
004101
003522
005587
000830
000103
001926
002977
002400
002893
007891
007935
002864
000433
003035
001428
005171
005115
002984
009529
004326
003264
004385
005270
002834
000184
005173
004216
000629
003543
000560
002792
004211
008545
001093
005229
002158
001576
002402
002499
006436
009023
007281
005758
005004
004138
004848
005178
007325
007292
007631
002176
006184
002292
006018
005647
005139
001544
008729
007142
001189
004420
007450
006920
006515
006762
000895
003320
002925
007792
008932
003047
007149
004499
004533
003916
005685
009492
005476
000855
005324
005129
007908
003673
006047
008074
005761
000611
004534
007236
008564
000772
001416
005788
003140
007897
008613
006214
007799
000824
001010
007741
001204
004657
003496
009158
003009
008023
009448
009213
003953
008776
003455
008118
009153
005166
007234
002410
003771
005865
009136
006450
007423
007524
000210
006993
009352
007993
000220
004273
004927
004541
005909
000471
008934
000891
005167
003600
004159
002198
007303
004039
009748
002940
009692
005365
006074
006526
008206
007372
005020
008867
005928
008083
006388
003336
003657
006912
008386
006458
002239
001690
002647
007878
007569
004181
008043
001865
007249
002683
003653
001788
005565
007590
002661
001161
002191
004635
009420
009421
001798
002591
009190
008065
009924
001325
004692
008465
001405
004062
009105
006347
003825
002010
001792
009267
005550
003132
005671
004751
003458
007584
005022
007287
009518
001848
001434
001212
005263
006105
005655
005409
006466
009835
006062
001396
002812
007497
007712
006376
003784
000810
001097
002969
008742
005917
004003
008319
008808
002627
008711
000539
003080
003374
002024
009911
008900
000985
009388
009510
008279
006970
009340
003171
002851
002360
003427
000655
008857
005779
007260
006499
006207
007531
006824
004437
008301
006129
008819
009462
002732
004196
003567
008563
003574
005282
001018
006782
002403
006231
006167
003641
000052
001298
000379
008404
003383
006185
007889
003500
005782
002751
001686
003110
009969
001457
006007
003148
001504
006914
004457
005391
001083
004616
002007
008552
008609
005749
002770
003306
003164
004840
001625
003363
001514
005770
008801
003479
001572
001050
002870
008565
004859
006779
005234
002871
008449
006907
009002
003218
000640
005259
000796
007474
003190
008511
000818
006331
002192
003505
006146
006672
000965
006875
004030
001341
003017
004115
009637
003863
004550
004930
000924
004346
005531
001965
007618
007588
006491
003902
009174
008999
005445
002357
007321
004768
005827
006895
002675
009595
002498
006455
009205
001860
009826
005586
006834
004696
009598
001591
009956
007540
002086
000186
003142
004830
000046
004286
008273
006561
007528
008446
002438
008877
003841
004521
000130
005450
008021
005127
003752
006817
004034
002356
001953
003482
000522
001679
000408
001552
007184
005337
005400
002157
001014
000029
002898
004031
001907
006965
005440
001535
004854
008210
002642
008497
009546
009611
007290
002704
008804
005940
006009
001776
005708
006642
000321
001683
008245
001412
008734
008019
005302
006757
007404
003483
006575
007877
004940
007688
004519
001459
000811
009910
003257
002653
000849
006384
000312
000973
000269
009686
001864
009731
006325
002506
007952
006874
002604
001794
005638
000385
006732
004870
001487
009107
005211
004518
004448
005238
005930
003668
006344
000594
002882
006338
006379
005959
001444
004374
005997
009138
008493
008866
008483
000566
004336
001850
000701
003027
006297
001320
004007
003893
001230
001392
001701
008430
005507
000673
008571
009945
005877
004536
002247
002479
006435
000425
006137
008854
002665
001548
003493
005677
005364
000200
007348
007535
008834
003435
008367
003807
000281
000851
009641
004199
007000
004528
007092
002911
004131
005554
009022
001589
008175
009076
007673
004324
009473
009109
008222
009247
008125
004366
006685
006143
006565
009752
001737
005868
000101
003742
009244
006142
002467
005207
007856
002944
008433
001283
002490
003698
001440
000806
001814
005691
005350
001914
000827
002314
002427
006816
000882
001464
008330
000240
005948
003174
009887
006550
004967
008697
004792
002267
005370
005024
002534
008651
000721
004912
000299
004432
002187
008728
009884
008912
003994
000904
009808
003959
000565
000030
003676
003555
009846
007695
005929
001194
009803
007421
005799
008316
007579
003230
001482
005888
007627
006867
005309
006976
000454
003040
002789
007113
002460
007166
007951
003694
007417
001085
000958
003867
009463
003845
009101
009933
001049
001167
000375
007692
002663
009131
007987
004714
000459
004084
004514
003255
008009
008194
007477
005319
005249
008275
000967
007542
006484
006309
003059
008630
001114
006160
004576
006589
001674
000202
007486
006414
008439
008769
001632
007360
000455
000627
009831
006892
004973
004378
003591
004467
001169
004014
000276
001449
006187
000647
005431
008480
001225
002109
004452
006590
003811
007543
005059
003594
005772
006413
009089
003469
008109
005613
007482
002140
009452
006860
002970
009306
000328
000614
006948
004878
003277
004163
005078
000040
004061
001082
007651
009363
004091
003537
007775
002610
004686
003675
006196
002442
009129
007607
004559
000295
009392
000621
001360
003993
001840
003284
000252
007274
004852
006531
008885
008215
004599
000980
004853
006926
005543
000650
008501
001793
005056
004592
000078
000275
000194
002482
001943
000712
000075
003853
001096
000480
000860
002446
006967
006541
000192
000376
009323
003156
008445
009877
000190
000135
008717
007342
000196
001791
009646
001442
009663
006332
004379
002630
003382
006601
004992
001139
001978
002275
004605
001868
002204
003671
002831
002759
007227
002990
002394
002289
004102
004080
002989
000726
008140
006242
001172
002153
002725
007892
002405
007907
004088
009823
001054
000264
001480
009145
001974
002825
003188
000593
002646
009829
001441
006002
004532
003774
003083
000863
001263
002671
005855
003962
007710
009181
008341
002271
002803
004443
002954
006698
001933
008388
007725
007838
000008
008731
003191
005340
009259
002737
005089
006420
002205
001196
001026
009566
007679
005477
003259
009600
002005
009702
009673
004555
005165
001394
002509
009317
007359
005401
000329
000734
003001
003907
001312
008833
007862
002565
001691
007934
004314
005028
002150
000018
008702
000660
009972
009278
008747
001661
006059
002774
004166
005050
002002
005000
002029
004699
009394
007090
004895
002747
006826
004136
004623
003163
000406
008790
006058
006670
005457
003513
009005
009178
001468
005793
003256
006567
002383
002536
000917
001490
004502
004446
000366
006883
002824
004831
002760
002512
000463
001566
009478
001221
004404
006057
000183
002687
009087
005345
003309
008186
007088
006080
009859
000114
008837
005884
005653
006780
005952
004496
000322
006507
006934
001849
000755
007674
008628
008113
004756
001012
005919
006637
008066
008645
002326
002401
002327
000969
009476
005650
002065
009245
004052
009893
006117
001539
004251
009314
001612
005080
007120
004241
005606
007376
008660
002965
000636
004790
005331
004183
005615
009783
001101
007976
003582
001889
003433
007586
008385
001365
007264
007641
003508
000346
008288
008498
003672
006994
002462
008677
000302
001077
007209
002331
005140
000452
007536
001688
008231
007443
000280
008024
008914
007602
006885
000362
007979
006904
003634
004498
008191
002316
004815
007351
002820
008974
003346
005902
003129
001202
005397
005670
007219
003764
006978
004482
003445
005908
004926
006471
007033
002884
002058
005669
005541
002769
006612
008303
004408
000931
009882
005861
001071
008308
005611
004191
008369
006144
007447
003028
009073
006711
000448
007916
004364
009662
003525
004928
005898
009717
009173
003564
008668
006402
003917
007795
003761
007555
004660
000710
007222
004656
009116
001892
008366
002636
003276
001783
006365
006366
007596
009192
004002
003689
009634
000485
009870
002121
007591
007344
006317
008870
008479
000751
008255
003273
004492
004388
000316
006793
007182
007082
000167
008905
007601
003620
000228
009328
009069
009414
001586
001205
007790
000612
008638
003986
005041
008649
006479
007406
007253
007714
008721
001237
006677
005461
005514
008786
002188
000333
003112
004625
009621
003487
009417
000496
006148
008962
006924
007468
004564
000071
002171
008011
000988
009561
009709
009657
003904
000543
006859
002987
009031
002006
009304
008562
004662
002587
004804
003348
008454
008291
006842
002452
005153
005454
006392
002622
005625
003118
002393
002232
003559
007610
001966
005911
009068
001945
007016
006648
007612
004337
007573
006549
003737
009361
007769
009251
004367
006903
005426
005765
008902
000303
001573
002100
003444
004022
004950
004339
009122
006940
002018
005715
005720
004961
007127
001872
006449
003998
009066
009231
001673
003278
002130
007143
005846
007996
001274
005108
001481
005025
000826
002291
003375
004759
000282
005013
004308
009100
000971
004784
008685
005138
002778
007192
002241
003447
000870
003130
005218
007599
003712
002464
003335
009868
009456
007906
009001
005070
000287
002952
000201
002580
007835
009405
009086
001735
003655
008703
005544
008475
008412
009819
000901
006868
001073
001370
003200
008787
008522
007969
004609
005513
005411
007419
001562
003924
005995
003900
009834
003693
003680
000836
005037
008508
008558
004643
001782
002028
003476
001927
003905
003832
007512
005774
001130
001950
004530
008510
005385
001223
008543
003208
000793
009496
002483
008650
000802
009108
008467
007395
007095
009516
000307
000832
003541
007096
000887
006831
006739
004087
005247
009114
008241
002728
002974
000834
004175
001763
007355
006429
008619
000094
001666
001631
005436
003152
001765
007905
001931
007036
004580
006844
009873
004740
001698
003372
007201
005315
008266
002904
000268
009531
006888
001183
009072
008518
001731
008551
005412
000911
004417
007867
009548
007304
009895
008969
002991
003166
001033
000076
000331
001231
007926
004469
004960
008001
006431
004606
000978
009312
008063
007561
008636
002798
000244
008270
006126
002136
007317
002739
002135
003389
008503
005122
006271
004603
001522
006251
009418
006544
008830
009233
007410
005996
001714
002844
001343
008779
002518
007313
009468
006272
002215
002533
000850
009038
007827
006669
009570
006451
000310
003736
006609
001498
007034
003785
007069
003254
004982
004086
002377
001168
005709
002827
003470
003246
004620
001107
006216
002959
003936
003197
001027
001635
006234
007689
008959
003170
008485
000055
001857
006223
005458
006442
004634
004629
009627
005480
005954
009784
008856
007456
004162
002852
005933
002570
003749
009697
004651
006037
001867
009490
001304
008347
006961
009789
005892
009626
008022
002540
000501
006060
008405
003484
004045
007958
007396
001879
000026
009159
005111
002371
003182
005726
000776
007810
003614
000253
001119
002995
005707
002001
009016
003767
001292
007659
008234
006291
001217
002883
005124
008398
003066
007230
003667
002754
001470
002126
004719
002599
005835
007484
009610
007493
001515
003659
007991
005781
002093
002931
001356
009996
005230
008991
000914
009837
006113
001520
004727
001744
005277
002067
002957
008135
003355
000531
005768
009341
008115
002805
003010
003012
006182
007084
000131
006968
006830
002362
003025
005570
008797
003338
001530
009675
001238
001144
000644
008343
009729
004373
004898
000159
001352
004619
002705
001113
000822
000486
000045
008298
001877
002246
007099
006947
009840
005253
007185
002151
005047
006607
005344
004046
009217
005206
004687
007802
001227
002564
004415
005961
004905
006643
000936
008907
009186
005964
002611
005182
005960
004288
003623
001951
004260
000388
009374
005272
009495
008474
003946
002733
009791
006510
004298
003467
002111
000086
007715
001124
000858
008960
000457
005971
003279
000842
007525
001443
001739
002049
009045
000104
008506
002658
008164
008356
009334
003114
005203
005976
001912
002848
001999
006655
003650
000015
008566
009372
006131
002941
006456
009396
000163
007557
009513
002621
009554
007442
009898
009210
008967
000364
003901
009117
005081
002796
006350
008243
008187
002724
002951
002057
009168
007102
001413
000681
005675
003898
002123
008862
005702
009904
006192
001815
002281
002857
009990
003739
006498
001259
000747
007517
000875
002412
004721
000123
002712
009806
003906
007053
003289
007853
009367
006425
004217
008678
009047
004094
009422
004234
006632
003790
008884
009907
008090
000042
004677
009707
007020
000864
006923
008492
000889
009744
007836
003570
008050
002644
002549
006015
005777
003660
003705
007244
009618
005323
004697
002573
008684
009092
008756
005814
003217
002027
009287
004675
003753
000412
005895
004873
003293
005121
008158
002454
007646
001727
004278
006597
004294
007828
008259
005738
007823
003553
006854
006063
004585
000341
008146
005066
000805
009860
006555
007445
007158
000410
004144
005829
002569
007076
003069
008328
006960
002092
006717
008531
001839
000445
003030
000753
000407
006070
001366
000022
006166
000090
006554
009908
008618
008743
002254
006016
000533
007028
007797
005584
003547
005546
006357
007293
001986
002962
007025
002391
004558
008738
001025
000760
009506
009397
007156
002575
009132
009065
000181
007738
005250
002525
004411
004760
009387
000143
007821
003074
002937
008387
006261
001987
009557
002813
007563
005522
009481
007669
009601
003599
005728
005754
001043
009564
005049
009401
002788
005659
006647
008592
007169
009896
009585
008878
001711
000743
002746
008080
008076
004285
008694
000852
005571
000838
006557
005833
005619
004206
000843
001228
007175
000179
009547
002799
008278
009365
004901
005255
003540
002017
009464
003977
007159
009237
005751
009380
006801
005714
000888
008748
002011
001863
006288
005978
007622
007721
000402
006897
006981
004434
008442
009751
003485
000879
002392
001895
005813
000925
006599
001455
008370
005065
000544
003365
009851
008811
009283
003966
006045
004995
002613
008195
003286
006848
005562
005807
004151
006030
009393
007322
000847
005710
002201
003494
002936
001579
003913
006877
001971
007110
004416
002025
002413
007144
005597
002415
002353
000999
001208
006175
002892
004529
009472
004098
000857
000704
005705
004188
005213
006571
000898
003554
004380
007126
004372
008582
003201
007818
001384
002060
004383
006799
007226
005286
005894
001976
007694
002790
001596
002333
009671
007385
008733
000477
005243
003041
004032
006486
000861
008435
001583
002182
006630
007707
000492
003415
002213
005023
005724
009854
004220
000365
001129
003002
000109
009850
003409
004477
001473
008952
008410
005073
001075
006855
007186
009961
002485
001354
001256
009515
004427
009821
004684
009338
005756
007215
009608
008762
001866
008523
008355
000377
002971
005607
006879
009301
008901
003172
003359
009487
008817
008327
004078
005545
000906
003135
009615
008560
003401
004722
006328
001179
002497
007687
006029
005333
000977
005202
000293
006563
001616
005279
001508
003750
002772
001639
008600
006356
004202
004035
003402
006155
005736
004882
005716
006264
001647
007155
003441
005162
009366
009609
009127
006401
002319
003321
003232
006033
000245
000881
004490
008300
006857
004897
005423
003223
009147
006777
000359
000113
009974
004407
007105
008655
001438
000035
009384
005742
004672
003528
001913
005755
000070
003281
004891
000119
005347
002885
001222
004621
002461
006562
002835
002294
002693
009284
006454
003381
004702
000100
002489
004758
005635
006740
009788
008163
009979
008249
004468
003054
001232
008038
007093
004710
008334
008136
008981
004036
001404
007645
004868
009764
000138
000601
008924
000499
005727
001752
002132
003588
007781
004984
004820
009525
007387
007751
000804
004979
006421
003709
002655
001769
000553
007233
006964
004665
006111
005377
003373
008350
001523
000637
005356
003324
001374
009810
002095
006157
005729
006786
002888
000974
007572
002303
001451
009224
002406
002859
004610
001757
002761
003241
004884
009623
005925
003882
001826
003552
006097
002553
008667
006547
003629
002070
004833
002909
008486
002702
009436
007311
006776
003919
001657
007365
001985
000762
009687
001381
004841
002946
004601
001084
002782
003442
001136
007582
005521
006445
006832
005893
008014
001284
004732
001462
006760
000219
008228
001272
005448
004990
007168
003643
004008
001275
004972
008577
002700
002463
001080
006377
003733
000195
005956
000239
006334
006508
008230
003192
008699
003721
005662
004648
006241
001158
009799
005125
005083
009310
003754
009264
004591
000736
001385
008373
002826
009009
003143
002008
002433
007648
006098
006988
006858
002689
007702
004827
003502
005580
002034
007161
008075
001546
007658
000095
007626
000741
008704
004475
008417
009382
009358
008976
006036
002177
001458
001068
001545
007389
003428
007532
000782
002351
007554
003638
004671
007499
008569
004975
001665
004279
004698
002750
005632
004001
003086
006969
000819
003000
002942
008851
008297
004612
001206
001126
004844
009268
008963
006649
004227
000446
000953
008835
008124
007943
007397
000995
008943
007485
005845
004811
006320
007523
004118
008750
009899
001581
005117
001400
001560
007133
001466
001064
003511
007276
002448
008299
008573
007452
002297
005658
002748
009888
007550
002721
004377
009243
002494
008818
007711
006394
004024
009221
005694
007171
008337
002416
002299
009824
001060
005212
004743
000520
001648
001258
007556
000089
003654
008572
008541
001827
004886
000325
006728
001719
005936
009391
005076
008841
005321
003137
002948
006592
009676
000393
006177
000514
001588
005469
007472
008605
000451
000897
001134
000154
004604
009708
008610
001146
003948
000214
004257
001187
005992
006973
006081
002768
004983
002601
006580
003079
005399
007617
004611
006715
004600
004330
004344
003730
000398
000899
001426
003603
009574
007983
004493
004100
001604
002225
001477
008161
008625
007501
008130
002212
005432
004132
003942
005223
004832
002814
004068
007840
002577
004483
005054
006530
005973
001098
002641
000992
001841
007327
006189
007946
003605
001030
000534
001894
001853
009083
001437
009577
007773
000461
007390
002477
008368
006811
006003
000744
005396
003735
008666
002930
009915
006570
007079
005863
008134
007032
002138
003307
005299
001431
005134
009833
008863
003708
008374
001410
003302
002476
001777
006775
009920
004725
000671
009214
000770
006108
006490
008727
008698
008207
000927
009130
009429
007259
009622
006937
003800
003204
007283
005712
000418
000867
008515
004290
000651
001973
007213
007375
007875
001391
006342
007263
005784
005322
005394
001551
006415
002731
002537
009685
009699
006679
000922
008012
005427
002919
005870
008261
007402
006164
000717
007804
008420
006219
004953
006220
004397
008428
008160
004074
001795
006578
006465
003778
001330
002016
002815
006522
009450
002973
002637
003810
006044
000588
005993
007026
009449
003475
001685
003517
007779
006197
005858
005484
007459
003984
009730
009196
006733
001753
008989
007380
006273
003892
008593
000059
001479
002993
004753
007740
005386
002511
000902
008462
005114
000825
006397
002703
009994
003037
003834
001070
002923
009935
007018
007625
005789
001110
009123
003822
005831
006654
009026
007269
009033
007391
007170
008020
007326
000363
001594
002785
000524
009999
001145
004129
001063
006380
000789
004876
006608
004384
003227
007967
004184
009084
000368
001836
009282
005812
002795
008751
002068
004004
007261
005692
009624
002586
006191
007735
006329
003713
004968
001355
000798
001796
000547
003527
002523
007039
009423
007945
000205
007990
007489
006548
003891
005763
009758
003645
004292
003865
004500
009816
004371
007574
005916
004038
000241
000209
008213
002280
000702
004552
009607
000177
000297
009470
008755
008872
003457
009500
007177
009575
005294
004096
006314
006595
007379
003076
002334
002069
007505
002582
007046
009052
000983
003802
004019
003477
006889
002625
009853
005283
004274
007061
003260
001445
002051
009088
000809
001513
007703
009958
004658
001297
005744
000518
007333
001759
005950
006725
003644
003124
003514
006615
001261
001326
003214
003387
006638
005036
001542
005464
006398
004915
007330
006516
008427
009461
005918
001869
009111
001525
002980
007684
000137
000959
008799
006208
002743
007408
004860
003684
005393
004479
008253
006040
004450
005267
000259
001622
004495
004777
001919
003314
006485
002699
001300
004971
008224
000043
009795
006135
005558
008488
002337
009346
000606
009071
004999
004645
001633
006905
001401
008365
005194
004291
003026
002076
008908
005806
005372
006200
002185
005557
009151
003413
005313
002744
000652
005921
007197
000383
002146
008928
002214
004400
003450
000277
008051
001898
002720
005225
006186
002924
008071
007653
008992
007647
007307
006866
007635
005656
006721
005060
006822
005201
007920
002629
002059
005180
001185
004055
004110
000779
005184
001640
006316
007589
008601
007453
000335
001138
002137
009257
009443
005462
003965
006019
004011
007863
001526
007660
005346
009445
005676
005583
008214
007207
007140
000066
008431
009195
009054
007448
002324
006023
002985
003319
008383
001250
006134
005681
004637
001984
002513
009187
004478
004685
007798
009798
007805
004331
003046
003098
008826
000773
002033
004531
005984
007831
004150
005133
000662
001065
007212
003459
005980
003052
001133
007137
004423
007677
005957
009820
007294
005879
006162
000944
000658
003546
003992
000821
001653
006697
005416
007527
000536
005809
008760
000833
001106
009183
006083
006966
001141
008035
009562
009477
003849
009568
007451
008054
000354
005118
009063
000010
000476
002530
002414
006738
003022
008221
008635
009497
006509
007199
003094
006748
004491
002535
005191
008283
008058
007038
005826
005332
000491
000556
003780
007671
002189
007619
006792
003205
002473
002501
006011
006863
006972
007568
006656
005415
000874
001294
009780
001306
000311
004353
002552
008296
008519
002372
006650
008547
006873
003583
009143
007881
005360
000082
001467
006533
001875
000263
008820
007871
009051
000567
004073
009981
007206
007914
005120
000197
003087
007748
009769
007428
008342
000540
007661
006289
003598
003478
000306
002840
001393
005295
004799
003431
002491
003029
006546
003848
002474
004921
007691
007885
005851
003235
006765
007545
003270
001262
007235
005517
002364
005204
003563
008995
000006
004537
008276
003971
002320
007179
005246
006239
005699
009588
009471
003380
006519
003105
002836
007242
000319
000526
008188
005747
004210
005767
003678
003432
002418
005052
006300
000024
008414
008406
006093
008068
009949
004461
000187
003507
009085
001703
002286
007898
003318
009339
009801
005682
004252
005891
008827
005405
001078
004017
000559
009290
004646
009093
008810
009919
006675
003826
003392
004027
008111
009225
007699
007412
004929
007006
003185
001620
001493
007495
007950
008372
000835
009465
002026
005535
002346
007732
005095
003886
003050
007999
005265
002651
003787
001821
001528
001342
002235
002823
002075
009046
006100
003831
006042
006254
005152
003875
007849
008629
002842
002321
001915
004936
003449
004826
000069
005242
008084
009960
006524
004586
008539
008126
005285
003794
001881
007174
009599
002102
001710
003125
006296
006756
000679
002538
006870
009992
000134
003101
004594
007107
009074
007057
003604
007656
005688
006939
008290
001358
008716
003642
001348
005604
000912
002014
000500
006067
002365
005051
006390
008879
009373
002468
007267
009983
007002
004463
009776
009364
006692
002701
000878
009741
007498
007336
003280
003685
009096
004472
002143
003779
004682
005485
008168
009428
009442
003706
007904
006170
002780
000764
000013
001184
009760
002764
009305
008025
004571
008376
004316
007980
002469
009285
006764
008929
008608
000470
003456
000792
007858
005219
003222
009062
007223
009037
008764
005741
008887
006840
000787
001074
008596
004569
007461
000865
004785
002988
003360
003575
003504
002901
005630
001424
006653
008903
005907
007121
002929
002048
001016
005251
001045
006385
003362
002707
008816
005903
006511
002643
002541
007424
000256
005387
000896
006602
005805
009160
008141
001702
009315
005686
001409
002197
004075
004987
009565
003311
008599
009790
003858
003972
006949
002107
005800
003154
000877
009723
009218
008159
001595
004240
008537
009171
009281
003836
006958
006324
005096
004182
008507
006319
006364
005174
000426
003665
005271
003165
000216
003686
001188
008095
009716
008567
006349
002145
005303
001941
008689
005208
006730
003647
009102
002444
009732
003181
009755
008710
004666
006849
007237
009230
001059
004487
008131
004737
003448
008458
006269
000088
002619
003711
001745
004284
007933
006704
005906
004855
000731
007844
001740
001982
005349
002429
000182
003199
003341
005221
002081
002727
002843
000481
003699
001159
007490
005802
000340
003440
007245
002114
006391
004729
003833
008349
007394
006963
009985
000866
000557
001453
005085
004850
006253
001265
005217
009512
006283
005529
004924
009011
001176
001856
000108
001993
005145
005327
004069
001310
008172
006387
005962
004761
005561
001000
005123
001947
001331
003084
009144
004608
005757
002105
004800
006039
002131
003815
008740
004828
006587
006693
005822
000247
000351
004264
002013
004050
000828
000808
005304
003004
005591
007415
004694
003852
008403
009684
008794
001471
003472
006843
003617
007565
007620
000957
009194
006071
002170
003518
004691
001218
004796
001273
002867
004009
009311
001541
007510
008166
007787
009711
007015
000632
008189
001170
000291
003234
003104
006043
007124
005334
003473
007718
004272
007081
001641
001570
006645
002945
009651
005937
005600
002624
002634
008875
000949
001193
005548
006056
003033
008028
004237
007271
002318
006890
008346
008883
003354
001115
009617
008597
005359
005091
005019
003036
004067
001020
005033
009128
007101
002437
005854
007200
005904
006046
002696
003213
002376
009433
002262
004951
009800
003866
003718
001939
006900
000058
001738
008138
004244
001764
006835
009978
007942
005280
008205
001687
006459
006299
002830
002874
000237
006461
009939
008983
009943
003862
006558
005511
002148
005252
003236
004922
003536
005088
005235
009847
004726
004508
001600
009650
001067
004205
009754
008621
000745
004029
001790
001628
004307
001742
006991
000571
009932
003097
009665
008142
007693
008263
001651
000265
001376
007783
007316
003823
005518
007973
000997
007189
004386
000800
000719
006956
001667
003840
001722
003407
004715
009746
004230
003635
005053
002502
000285
005375
001245
004664
004433
005837
007044
006327
009953
004503
007444
007664
006027
003196
007115
007130
000420
004194
003082
009275
003609
009010
000561
006055
001456
006483
007600
001599
004393
006010
002144
003462
001182
007663
009740
007334
004235
000780
005339
004834
000933
009121
001436
000537
003216
004526
002341
001785
002317
004823
008244
008925
002230
004016
002866
000823
007539
005796
008898
007822
009027
005222
005318
001896
003626
005441
008460
008802
001429
005488
001803
008691
004124
009371
004412
003973
009927
007289
003426
000028
005534
004731
007251
008843
006750
001175
008027
001807
008509
004909
006487
002288
005663
005063
005730
005901
000669
002219
006073
006678
006188
001034
005556
007052
007117
004406
002880
000141
009571
001630
001491
003334
005439
009204
001117
000643
001675
002223
007923
009691
009817
002487
008284
004064
007903
009890
001066
001122
001852
004837
001505
001301
002421
002276
009061
008888
005007
008332
008795
001052
008344
007085
004818
006683
000750
008002
005982
006747
000783
006462
000338
009227
001925
007959
000785
004888
006691
006005
002711
009295
004773
008927
000144
004147
000748
005146
006475
008915
008759
000735
009689
001806
003072
003947
009544
003399
004489
009719
008896
004578
005900
005038
002181
009253
001309
002742
009426
000943
008911
009971
005711
005735
007296
005520
009308
009256
006668
003439
003985
005642
007112
007547
008725
009998
003755
009261
006938
001340
007473
008107
008617
008150
009300
007476
005988
009765
007301
009865
008701
001656
004193
002240
003193
008606
001723
004070
008030
000728
006572
008652
008220
009668
007587
004918
001488
005668
001678
003931
003661
007825
004887
005821
008679
004396
009322
004509
002103
009017
009447
009844
009050
002639
009368
005187
008949
008922
004910
001952
003732
003048
004810
004395
001981
002089
001732
008223
002419
009485
003020
001944
008502
003519
007181
001181
005149
007817
007089
006304
004653
003523
002686
004739
002583
009845
005010
001421
005496
006766
007597
005105
003722
005794
007696
001746
003963
004754
008871
007280
005697
003157
006825
008686
005395
004309
009041
006053
006236
009728
001317
005945
006427
006767
006941
006577
005599
002821
005942
006086
008389
005362
005361
007469
007843
005308
006646
000011
007373
006193
003958
007398
007859
002793
001474
002997
000326
002939
008822
000330
000915
008423
004250
007948
008233
001998
005071
006280
003566
003015
000909
003894
000631
004706
002047
000057
004197
006493
002804
002999
006404
009889
005941
000308
004114
009538
001903
007628
007384
003824
008292
005486
006095
002615
007544
004846
003295
003908
005955
008825
005453
002886
009597
007202
008695
004296
000558
005442
000950
004631
005281
007975
000283
001278
001173
000578
007204
001214
002568
004190
008774
009775
003274
009356
001178
001797
000607
004249
003489
004517
003933
004442
008226
006362
007744
003595
009995
008280
009156
004313
004389
003855
008602
005590
007558
003696
002080
001697
003056
000706
000513
006153
004738
002706
007701
006862
007832
006722
009861
009416
002722
000939
001103
004156
007613
006821
001154
006330
001266
009362
005239
008353
007178
000575
006375
006340
008461
008416
007064
005214
007086
007559
007353
003303
001734
002071
008724
002358
003847
004724
009467
006806
001380
004822
008039
005278
001042
004593
001192
004444
007196
003652
006856
006085
000449
004476
007680
003316
003332
002435
005762
008103
004590
001086
003272
007458
004908
008147
000227
007629
009603
000400
001845
006140
004745
005275
009286
005759
000697
008836
009813
005177
002567
000222
007258
003944
006422
003155
003344
007754
008535
001135
006354
000122
004980
009536
000067
000613
008144
004392
006761
004171
002914
005205
000907
006432
002263
002149
003488
006262
009822
000820
005972
005624
002411
009094
006118
001524
006871
000913
009503
009260
000921
006452
006343
006660
005382
005622
001036
006278
009124
004977
001303
005497
003452
003669
004981
003315
009894
004579
007516
004198
000883
007357
001308
006183
006588
003758
000639
005292
007339
002209
002709
004989
003943
009886
002248
006120
009666
002590
009913
009270
009439
005853
001549
005072
007521
005131
005186
002718
007471
009630
000699
009119
001111
005311
005306
005296
007796
004952
007352
009057
000444
000023
009726
001858
007886
005141
008852
003340
004143
004845
007829
007706
005392
004066
001465
006518
008375
002616
001613
003146
009203
001709
009003
002891
002233
007526
004866
009712
001411
009679
000203
005731
000945
008809
009459
009376
000720
002906
007031
002976
006049
008616
006744
003220
001935
006735
008705
007129
009444
007534
004978
000170
000136
005380
005526
008265
002193
009592
004993
008718
008859
007432
008402
005064
001516
009946
001775
007157
006763
000009
006504
002101
007010
000846
004893
009876
000150
000564
005664
003759
002106
001592
005977
008777
000428
004315
005330
007425
003738
002472
003551
002122
002800
007513
003899
005305
006770
006851
004148
007466
006371
004356
008157
006198
004239
004894
006617
001150
009343
001372
004214
002173
001773
003534
001547
001928
006909
004627
008004
006676
008240
002441
004109
008219
005698
003288
004742
007633
003119
004941
005226
006990
002860
002719
007480
005743
006626
002425
006707
003895
001142
009188
002470
003880
002781
003252
004986
001636
008680
006828
006014
006611
007954
000185
007941
007763
008977
005257
004111
002436
009273
003007
002933
009693
002878
001211
004902
000111
008456
004176
009098
007961
004914
001102
005420
006238
009631
006374
008418
003692
002040
009779
008881
000550
006629
004189
008525
006998
007940
000372
007029
001720
006069
001988
004801
001293
006243
007312
008886
005949
002116
003247
005422
002829
003379
002260
009658
003690
003243
006109
008110
006119
000087
000670
007323
006759
007366
000096
007759
000705
007011
001039
000845
004041
004311
004369
003153
001741
003178
004142
008643
001375
003376
008099
001637
006942
007413
006472
003776
008746
000173
006079
008796
006513
009337
007109
006543
002453
006341
009526
002032
009375
009446
005581
004763
006827
008780
001056
009734
006212
001994
001285
005778
007238
007580
003420
005913
008203
007080
001906
008771
009226
004458
009383
008538
001527
001191
006463
002465
006545
001813
001239
002042
001659
008217
004295
006997
007266
008758
001346
000479
007594
007675
005713
003857
009232
003312
008408
002308
004095
002020
007955
009521
003391
004305
002967
006176
009438
000125
003586
001055
007407
001497
007918
000807
002526
009297
001954
009683
003144
003911
006619
005786
001893
000421
007888
001389
003068
003471
001007
005803
003677
007286
004010
004365
007997
007460
009386
002077
001847
004772
009148
003430
003184
006439
000460
009313
008554
001148
004233
005672
007278
006959
009867
005804
006417
000397
002355
005354
004488
002597
002566
009558
009705
000625
002207
006928
005231
000068
006845
000188
000257
002349
005725
005519
003580
005148
009254
002430
001427
002656
003793
007982
000659
008169
003352
006812
004358
004119
003397
007965
003679
007087
002838
004544
004201
007866
002256
005832
001364
000940
006582
002396
008362
005012
000693
000288
002649
008192
006407
005787
007146
002527
009303
006712
009208
000683
009535
009638
006359
005444
004597
002268
001053
008607
006785
007985
001771
001645
009878
004484
002856
009201
005905
002206
001295
002855
003597
006106
005722
004988
009973
003269
009720
005435
005683
001452
001778
005795
006852
004570
000794
002846
001831
009228
006887
008978
000284
008864
008641
004803
009164
000616
004266
000854
004674
002061
000555
008293
009162
007956
003422
004598
005026
000814
002819
008380
002717
002113
007070
007921
008767
006714
004059
007439
008715
000115
004524
004223
009827
000489
004440
004438
006755
008000
001553
005220
006579
005048
003062
002390
002817
000946
003149
009014
002229
005156
000261
002031
003521
009507
000975
000255
007252
009669
006240
008256
007882
007666
005443
004974
003558
000956
000199
008549
005974
003159
002617
003562
009674
004320
007826
000519
003974
004617
004786
005136
002585
008656
008923
000729
007665
002162
004836
006752
001871
002784
007598
004152
006112
003147
003136
001799
006869
007193
009987
003664
004863
000903
002117
009409
001257
003011
004200
007851
007075
004817
000229
007091
007930
005029
001959
006624
009522
000191
006104
